9 1 2
45 3 4
1 5 6
29 7
56 8 9
45 10
19 11
17
82 12 13
89
91 14 15
95
32
74 16
98
41 17
91 18
64 19
26 20 21
18 22
3 23 24
79
72 25 26
77 27
28 28 29
82 30 31
64
92
17
49 32
52 33
39 34 35
24 36
78 37 38
8 39
72
67
94 40
27 41 42
16
66 43
72 44 45
72 46
95
63
1 47
63
76 48 49
91 50
11
61
51 51
19
55 52 53
57 54 55
50
13 56 57
15 58 59
16 60
41 61
94 62 63
25 64
28 65
20 66 67
4
74 68
74
25
96 69
97 70
49 71 72
59 73
63 74
64
63 75
79 76
55
82 77
25 78 79
61
74 80
7 81 82
11 83 84
1 85 86
24 87
4
52 88
85 89 90
58 91 92
29 93 94
58
100 95
48 96 97
55 98
58 99 100
26 101 102
71 103
81 104 105
61 106
76 107
14 108
85 109 110
3 111
36 112 113
64
100 114 115
29 116
37 117 118
42 119 120
96 121 122
69 123 124
80 125 126
77 127
8 128
30 129 130
20 131
21 132
52
48 133
87 134 135
88 136
41 137
29 138
66 139
25 140 141
12 142
69 143
93 144 145
52 146
7 147
89 148
23 149 150
7 151 152
95
61
23 153
84
47 154 155
69 156
24 157 158
15 159 160
2 161
22 162 163
80
80 164 165
6 166
89 167 168
6 169 170
93 171
2 172
24
100 173 174
67 175
60 176 177
18 178 179
82 180 181
38 182
45 183
41 184 185
92 186 187
83
73 188
22 189 190
100
34 191 192
44 193 194
13 195 196
5
7 197 198
67
34 199 200
55 201 202
50 203 204
62
58 205
100
92 206
32
17 207 208
16 209 210
21 211
42 212 213
92 214 215
95 216
14
89 217 218
6 219 220
18 221 222
28 223
28
91 224
4 225
32 226
27
71 227 228
14 229 230
54 231
77 232 233
1
100
